TRF: [20, 0, 95,  0,  0,  0]
Home: [-45, 0, 0, 0, 45, 0]
PostReadyPose: [-26.08631, 332.29777, 100, -90.00002, 0, 90]
PostDownPose: [-26.08631, 332.29776, 70.09248, -90.00002, 0, 90]
GrabReadyPose: [-26.08631, 322.62557, 70.09251, -90.00002, 0, 90]
GrabbedUpPose: [-26.08631, 322.62556, 93.28549, -90.00002, 0, 90]
PhotoCheckPreparePose: [293.91934, 69.62883, 148.54655, 0, 90, 0]
PhotoCheckPose: [359.18788, 69.62883, 148.54653, 0, 90, 0]
CrimperReadyToOperatePose: [1.40814, -193.09457, 340.27525, 90, 0, -90]
CrimperDropPose: [1.40814, -281.92951, 340.27525, 90, 0, -90]
CrimperReadyToPickPose: [1.40817, -292.28907, 339.06158, 90, 0, -90]
CrimperPickPressPose: [1.40817, -292.28907, 333.83704, 90, 0, -90]
CrimperPickPose: [1.40814, -281.92949, 331.8871, 90, 0, -90]
CrimperPickedUpPose: [1.40814, -281.92949, 338.49117, 90, 0, -90]
StorageReadyPose: [-88.25037, 258.84746, 138.26627, -90, -0.00001, 90]
StorageDropPose: [-88.25037, 258.84746, 105.13378, -90, -0.00002, 90]