TRF: [20, 0, 95, 0, 0, 0]
Home: [-45, 0, 0, 0, 45, 0]
PostReadyPose: [-26.08627, 336.53284, 100, -90, 0.00001, 90]
PostDownPose: [-26.08627, 336.53284, 71.32585, -90, 0.00001, 90]
GrabReadyPose: [-26.08631, 322.62557, 69.278, -90.00002, 0, 90]
GrabbedUpPose: [-26.08631, 322.62556, 93.28549, -90.00002, 0, 90]
PhotoCheckPreparePose:
  [-26.08635, 389.21315, 132.99751, -90.00002, -0.00001, 90]
PhotoCheckPose: [-26.08632, 418.30723, 132.99751, -90.00002, 0, 90]
CrimperReadyToOperatePose: [1.40814, -193.09457, 340.27525, 90, 0, -90]
CrimperDropPose: [1.40814, -281.92951, 340.27525, 90, 0, -90]
CrimperReadyToPickPose: [1.40817, -292.28907, 339.06158, 90, 0, -90]
CrimperPickPressPose: [1.40817, -292.28907, 333.83704, 90, 0, -90]
CrimperPickPose: [1.40814, -281.92949, 331.8871, 90, 0, -90]
CrimperPickedUpPose: [1.40814, -281.92949, 338.49117, 90, 0, -90]
StorageReadyPose: [-88.6619, 308.43465, 143.10542, -90.00002, -0.00002, 90]
StorageDropPose: [-88.66189, 308.43465, 104.99697, -90.00002, -0.00002, 90]
