GRIP_F: 5
GRIP_VEL: 20
L_VEL: 10
J_VEL: 10
TCP_GP: [60.0, 0, 0, 0, 0, 0]
TCP_SK: [43, 12.0, 75.734, 0, 45, 0]
TCP_CA: [0, 55, 70, 0, 30, 0]
HOME_GP_J: [0, 0, 0, 0, 0, 0]
HOME_SK_J: [0, 0, 0, 0, 45, 0]
HOME_CA_J: [0, 0, 0, 0, 60 ,0]
HOME_POST_J: [0, 0, 0, 0, 0, 0]
SNAP_SHOT_GRAB_PO: [-158.25595, 20.22285, -0.07483, 0.46605, 24.85303, -0.61875]