AessemblePost:
  rail_pos: 110
  cartesian: [-193.99646, -152.00122, 126.08627, 163.49303, -50.50488, -21.00815]
  joints: [-135.12872, 42.12607, 7.25795, -105.43295, 25.59059, 127.64982]
Separator:
  rail_pos: 14.5
  bottom_left:
    cartesian: [235.97647, -87.38851, 40.11804, 173.25027, 42.36252, -166.87105]
    joints: [-23.29881, 67.05935, 0.30938, -30.22345, -21.77718, 19.73194]
  bottom_right:
    cartesian: [235.16858, 72.84175, 39.81935, 173.25028, 42.36252, -166.87105]
    joints: [22.77213, 66.685, 1.47282, 51.36269, -25.87523, -22.1584]
  top_left:
    cartesian: [75.24227, -87.65825, 41.29566, 173.25028, 42.36252, -166.87105]
    joints: [-71.00944, 52.73619, 64.5154, -45.23412, -59.04767, -25.42198]
  top_right:
    cartesian: [74.08437, 72.84175, 41.03251, 173.25028, 42.36252, -166.87105]
    joints: [71.16736, 53.23022, 65.68386, 54.59531, -54.76851, 38.62172]
