AssemblePost:
  rail_pos: 110
  cartesian: [-193.31357, -153.76569, 126.08627, 163.49303, -50.50488, -21.00815]
  joints: [-134.62816, 42.40838, 6.73631, -104.39894, 25.84462, 126.92313]
Separator:
  rail_pos: 14.5
  bottom_left:
    cartesian: [238.72121, -87.03062, 40.38777, 173.25027, 42.36252, -166.87105]
    joints: [-22.90913, 67.66312, -1.398, -30.96943, -20.74909, 20.91675]
  bottom_right:
    cartesian: [238.72121, 71.8457, 40.36804, 173.25027, 42.36252, -166.87105]
    joints: [22.13667, 67.32896, -0.54595, 52.74768, -24.83768, -24.34049]
  top_left:
    cartesian: [78.57517, -89.27535, 40.94434, 173.25027, 42.36252, -166.87105]
    joints: [-69.31773, 52.69285, 63.30763, -44.57936, -58.69685, -23.763]
  top_right:
    cartesian: [77.84752, 73.27596, 41.1233, 173.25027, 42.36252, -166.87105]
    joints: [68.86255, 52.97224, 64.98725, 53.56304, -55.09738, 36.89072]
